REFERE 475581
REFERE 475587
REFERE 475597
REFERE 631773
REFERE 824694
REFERE 525683
REFERE 475666
ENGLAN 883325
ENGLAN 911548
ENGLAN 943550
ENGLAN 966310
ENGLAN 824571
ENGLAN 940900
ENGLAN 940904
ENGLAN 475632
ENGLAN 475633
ENGLAN 475651
ENGLAN 475663
ENGLAN 516762
ENGLAN 516779
ENGLAN 525639
ENGLAN 445080
ENGLAN 583441
ENGLAN 940949
SOUTHA 677673
SOUTHA 677678
SOUTHA 677679
SOUTHA 677680
SOUTHA 677684
SOUTHA 677685
SOUTHA 475582
SOUTHA 475594
SOUTHA 477163
SOUTHA 648267
SOUTHA 593478
SOUTHA 631768
SOUTHA 631769
SOUTHA 631770
SOUTHA 631774
SOUTHA 631778
SOUTHA 436946
SOUTHA 444996
SOUTHA 475670
SOUTHA 475673
SOUTHA 475674
SOUTHA 475676
SOUTHA 475678
SOUTHA 475679
SOUTHA 475687
SOUTHA 525677
SOUTHA 525681
SOUTHA 631724
SOUTHA 631728
SOUTHA 631736
SOUTHA 631762
SOUTHA 824677
SOUTHA 475603
SOUTHA 475606
SOUTHA 475614
SOUTHA 475619
SOUTHA 475625
SOUTHA 475639
SOUTHA 475643
SOUTHA 475644
SOUTHA 475646
SOUTHA 475661
SOUTHA 475693
SOUTHA 516779
SOUTHA 525638
SOUTHA 525641
SOUTHA 525647
SOUTHA 525654
SOUTHA 525658
SOUTHA 525659
SOUTHA 631755
SOUTHA 631757
SOUTHA 444022
SOUTHA 583426
SOUTHA 631615
SOUTHA 631628
SOUTHA 475706
SOUTHA 475707
SOUTHA 475714
SOUTHA 583459
SOUTHA 583467
SOUTHA 940928
SOUTHA 857058
BRAZIL 940900
BRAZIL 940904
BRAZIL 475632
BRAZIL 475633
BRAZIL 475651
BRAZIL 475663
BRAZIL 516762
BRAZIL 516779
BRAZIL 525639
BRAZIL 445080
BRAZIL 583441
BRAZIL 940949
BRAZIL 940924
467809 631510
467809 677683
467809 525678
467809 631513
467809 525684
467809 677678
467809 677679
467809 677680
467809 677684
467809 677685
467809 475582
467809 475594
467809 477163
467809 648267
467809 593478
467809 631768
467809 631769
467809 631770
467809 631774
467809 631778
467809 436946
467809 444996
467809 475670
467809 475673
467809 475674
467809 475676
467809 475678
467809 475679
467809 475687
467809 525677
467809 525681
467809 631724
467809 631728
467809 631736
467809 631762
467809 824677
467809 475603
467809 475606
467809 475614
467809 475619
467809 475625
467809 475639
467809 475643
467809 475644
467809 475646
467809 475661
467809 475693
467809 516779
467809 525638
467809 525641
467809 525647
467809 525654
467809 525658
467809 525659
467809 631755
467809 631757
467809 444022
467809 583426
467809 631615
467809 631628
467809 475706
467809 475707
467809 475714
467809 583459
467809 583467
467809 940928
467809 677673
593553 593478
593554 593557
593556 593558
593557 593554
593558 593556
631510 467809
631510 631513
631510 525684
631510 677678
631510 677679
631510 677680
631510 677684
631510 677685
631510 475582
631510 475594
631510 477163
631510 648267
631510 593478
631510 631768
631510 631769
631510 631770
631510 631774
631510 631778
631510 436946
631510 444996
631510 475670
631510 475673
631510 475674
631510 475676
631510 475678
631510 475679
631510 475687
631510 525677
631510 525681
631510 631724
631510 631728
631510 631736
631510 631762
631510 824677
631510 475603
631510 475606
631510 475614
631510 475619
631510 475625
631510 475639
631510 475643
631510 475644
631510 475646
631510 475661
631510 475693
631510 516779
631510 525638
631510 525641
631510 525647
631510 525654
631510 525658
631510 525659
631510 631755
631510 631757
631510 444022
631510 583426
631510 631615
631510 631628
631510 475706
631510 475707
631510 475714
631510 583459
631510 583467
631510 940928
631510 677673
631510 677683
631510 525678
631513 467809
631513 631510
631513 677683
631513 525678
631513 677678
631513 677679
631513 677680
631513 677684
631513 677685
631513 475582
631513 475594
631513 477163
631513 648267
631513 593478
631513 631768
631513 631769
631513 631770
631513 631774
631513 631778
631513 436946
631513 444996
631513 475670
631513 475673
631513 475674
631513 475676
631513 475678
631513 475679
631513 475687
631513 525677
631513 525681
631513 631724
631513 631728
631513 631736
631513 631762
631513 824677
631513 475603
631513 475606
631513 475614
631513 475619
631513 475625
631513 475639
631513 475643
631513 475644
631513 475646
631513 475661
631513 475693
631513 516779
631513 525638
631513 525641
631513 525647
631513 525654
631513 525658
631513 525659
631513 631755
631513 631757
631513 444022
631513 583426
631513 631615
631513 631628
631513 475706
631513 475707
631513 475714
631513 583459
631513 583467
631513 940928
631513 677673
631513 525684
467809 631510
467809 677683
467809 525678
467809 631513
467809 525684
467809 677673
467809 677678
467809 677679
467809 677680
467809 475631
467809 940925
467809 677684
467809 677685
467809 475582
467809 475616
467809 475594
467809 477163
467809 648267
467809 593478
467809 631768
467809 631769
467809 631770
467809 631774
467809 631778
467809 436939
467809 436944
467809 436943
467809 463283
467809 463284
467809 463289
467809 463294
467809 463295
467809 475600
467809 516776
467809 445078
467809 445083
467809 501173
467809 436946
467809 444995
467809 444996
467809 475670
467809 475673
467809 475576
467809 475713
467809 475580
467809 475599
467809 475667
467809 475683
467809 475609
467809 475617
467809 475642
467809 475652
467809 475656
467809 475658
467809 475662
467809 475694
467809 475695
467809 475674
467809 475676
467809 475678
467809 475679
467809 475687
467809 525677
467809 525681
467809 937187
467809 631724
467809 631728
467809 631736
467809 824609
467809 824685
467809 940903
467809 539495
467809 631762
467809 824677
467809 475603
467809 475606
467809 475614
467809 475619
467809 475625
467809 475705
467809 475639
467809 475643
467809 475644
467809 475646
467809 475661
467809 475693
467809 940900
467809 940904
467809 475632
467809 475633
467809 475651
467809 475663
467809 516762
467809 525639
467809 445080
467809 583441
467809 940949
467809 516767
467809 516777
467809 516779
467809 525638
467809 525641
467809 525647
467809 525654
467809 677681
467809 475590
467809 631813
467809 631772
467809 631777
467809 525686
467809 475605
467809 631761
467809 516753
467809 940935
467809 525658
467809 525659
467809 631755
467809 631757
467809 444022
467809 583426
467809 631615
467809 631628
467809 475588
467809 475706
467809 475707
467809 475714
467809 583459
467809 583467
467809 940928
467809 475585
467809 475677
467809 475684
467809 475689
467809 525680
467809 475618
467809 475624
467809 475626
467809 475627
467809 475629
467809 475697
467809 529036
467809 475703
467809 475716
467809 940923
467809 631773
467809 475690
467809 501169
467809 501171
467809 475649
467809 475701
467809 631815
467809 583479
467809 525640
467809 900692
467809 475650
467809 475578
467809 583434
467809 525648
467809 475709
467809 475672
467809 475688
467809 475623
467809 475591
467809 475628
467809 475598
467809 475665
467809 SOUTHA
467809 857058
677681 677673
677681 677678
677681 677679
677681 677680
677681 677684
677681 677685
677681 475582
677681 475594
677681 477163
677681 648267
677681 593478
677681 631768
677681 631769
677681 631770
677681 631774
677681 631778
677681 436946
677681 444996
677681 475670
677681 475673
677681 475674
677681 475676
677681 475678
677681 475679
677681 475687
677681 525677
677681 525681
677681 631724
677681 631728
677681 631736
677681 631762
677681 824677
677681 475603
677681 475606
677681 475614
677681 475619
677681 475625
677681 475639
677681 475643
677681 475644
677681 475646
677681 475661
677681 475693
677681 516779
677681 525638
677681 525641
677681 525647
677681 525654
677681 525659
677681 631755
677681 631757
677681 444022
677681 583426
677681 631615
677681 631628
677681 475706
677681 475707
677681 475714
677681 583459
677681 583467
677681 940928
677681 475590
677681 631813
677681 631772
677681 631777
677681 525686
677681 475605
677681 631761
677681 516753
677681 940935
677681 525658
677682 677688
677682 631813
677682 631772
677682 631777
677682 525686
677682 475605
677682 525658
677682 631761
677682 475590
677673 677678
677673 677679
677673 677680
677673 677685
677673 475582
677673 475594
677673 477163
677673 648267
677673 593478
677673 631768
677673 631769
677673 631770
677673 631774
677673 631778
677673 436946
677673 444996
677673 475670
677673 475673
677673 475674
677673 475676
677673 475678
677673 475679
677673 475687
677673 525677
677673 525681
677673 631724
677673 631728
677673 631736
677673 631762
677673 824677
677673 475603
677673 475606
677673 475614
677673 475619
677673 475625
677673 475639
677673 475643
677673 475644
677673 475646
677673 475661
677673 475693
677673 516779
677673 525638
677673 525641
677673 525647
677673 525654
677673 525658
677673 525659
677673 631755
677673 631757
677673 444022
677673 583426
677673 631615
677673 631628
677673 475706
677673 475707
677673 475714
677673 583459
677673 583467
677673 940928
677673 677684
677673 475631
677673 940925
677673 883345
677673 937255
677687 940900
677687 940904
677687 475632
677687 475633
677687 475651
677687 475663
677687 516762
677687 516779
677687 445080
677687 583441
677687 940949
677687 883350
677687 525639
677688 677682
677688 631813
677688 631772
677688 631777
677688 525686
677688 475605
677688 525658
677688 631761
677688 475590
900691 824556
900691 824585
900691 900733
900691 475682
900691 824627
900691 824675
900691 824641
900691 883402
900691 940993
900691 940964
900692 677673
900692 677678
900692 677679
900692 677680
900692 677684
900692 677685
900692 475582
900692 475594
900692 477163
900692 648267
900692 593478
900692 631768
900692 631769
900692 631770
900692 631774
900692 631778
900692 436946
900692 444996
900692 475670
900692 475673
900692 475674
900692 475676
900692 475678
900692 475679
900692 475687
900692 525677
900692 525681
900692 631724
900692 631728
900692 631736
900692 631762
900692 824677
900692 475603
900692 475606
900692 475614
900692 475619
900692 475625
900692 475639
900692 475643
900692 475644
900692 475646
900692 475661
900692 475693
900692 516779
900692 525638
900692 525641
900692 525647
900692 525654
900692 525658
900692 525659
900692 631755
900692 631757
900692 444022
900692 583426
900692 631615
900692 631628
900692 475706
900692 475707
900692 475714
900692 583459
900692 583467
900692 940928
900692 475683
900692 475650
900693 824559
900693 824587
900693 900730
900693 824600
900693 824601
900693 824611
900693 824682
900693 516771
900693 824698
900693 857057
900693 824721
900693 824689
900693 824703
900693 966285
900694 900715
900694 436946
900694 463283
900694 463284
900694 463289
900694 463294
900694 475600
900694 516776
900694 445078
900694 445083
900694 501173
900694 516755
900694 463295
900695 900698
900695 900701
900695 900724
900695 900736
900695 900711
900695 900696
900695 824687
900695 900696
900695 900698
900695 900701
900695 900724
900695 900736
900695 900711
900695 900707
900695 900709
900695 824586
900695 824714
942007 942008
942007 940960
942007 940974
942007 942010
942007 940978
942007 940987
942007 940990
942007 940948
942007 940954
942007 940963
942007 940980
942007 940982
942007 942009
942008 942007
942008 942010
942008 940978
942008 940987
942008 940990
942008 940948
942008 940954
942008 940963
942008 940980
942008 940982
942008 942009
942008 940960
942008 940974
942007 942008
942007 940960
942007 940974
942007 942009
942007 942010
942007 940988
942007 940978
942007 940987
942007 940990
942007 940948
942007 940954
942007 940963
942007 940977
942007 940980
942007 940981
942007 940982
942007 940989
942007 940994
942007 940940
942007 940942
942007 940938
942007 940945
942007 940918
942007 940899
942007 940979
942007 940973
475574 475712
475575 475632
475575 824727
475575 475700
475575 475634
475576 677673
475576 677678
475576 677679
475576 677680
475576 677684
475576 677685
475576 475582
475576 475594
475576 477163
475576 648267
475576 593478
475576 631768
475576 631769
475576 631770
475576 631774
475576 631778
475576 436946
475576 444996
475576 475670
475576 475673
475576 475676
475576 475678
475576 475679
475576 475687
475576 525677
475576 525681
475576 631724
475576 631728
475576 631736
475576 631762
475576 824677
475576 475603
475576 475606
475576 475614
475576 475619
475576 475625
475576 475639
475576 475643
475576 475644
475576 475646
475576 475661
475576 475693
475576 516779
475576 525638
475576 525641
475576 525647
475576 525654
475576 525658
475576 525659
475576 631755
475576 631757
475576 444022
475576 583426
475576 631615
475576 631628
475576 475706
475576 475707
475576 475714
475576 583459
475576 583467
475576 940928
475576 475580
475576 475599
475576 475667
475576 475683
475576 475609
475576 475617
475576 475642
475576 475652
475576 475656
475576 475658
475576 475662
475576 475694
475576 475695
475576 475674
475576 475713
475577 475633
475577 475690
475577 501169
475577 501171
475577 525650
475578 677673
475578 677678
475578 677679
475578 677680
475578 677684
475578 677685
475578 475582
475578 475594
475578 477163
475578 648267
475578 593478
475578 631768
475578 631769
475578 631770
475578 631774
475578 631778
475578 436946
475578 444996
475578 475670
475578 475673
475578 475674
475578 475676
475578 475678
475578 475679
475578 475687
475578 525677
475578 525681
475578 631724
475578 631728
475578 631736
475578 631762
475578 824677
475578 475603
475578 475606
475578 475614
475578 475619
475578 475625
475578 475639
475578 475643
475578 475644
475578 475646
475578 475661
475578 475693
475578 516779
475578 525638
475578 525641
475578 525647
475578 525654
475578 525658
475578 525659
475578 631755
475578 631757
475578 444022
475578 583426
475578 631615
475578 631628
475578 475706
475578 475707
475578 475714
475578 583459
475578 583467
475578 940928
475578 583434
475580 677673
475580 677678
475580 677679
475580 677680
475580 677684
475580 677685
475580 475582
475580 475594
475580 477163
475580 648267
475580 593478
475580 631768
475580 631769
475580 631770
475580 631774
475580 631778
475580 436946
475580 444996
475580 475670
475580 475673
475580 475676
475580 475678
475580 475679
475580 475687
475580 525677
475580 525681
475580 631724
475580 631728
475580 631736
475580 631762
475580 824677
475580 475603
475580 475606
475580 475614
475580 475619
475580 475625
475580 475639
475580 475643
475580 475644
475580 475646
475580 475661
475580 475693
475580 516779
475580 525638
475580 525641
475580 525647
475580 525654
475580 525658
475580 525659
475580 631755
475580 631757
475580 444022
475580 583426
475580 631615
475580 631628
475580 475706
475580 475707
475580 475714
475580 583459
475580 583467
475580 940928
475580 475576
475580 475713
475580 475599
475580 475667
475580 475683
475580 475609
475580 475617
475580 475642
475580 475652
475580 475656
475580 475658
475580 475662
475580 475694
475580 475695
475580 475674
475583 824578
475583 475675
475583 475680
475583 525685
475583 940904
475583 475632
475583 475633
475583 475651
475583 475663
475583 516762
475583 516779
475583 525639
475583 445080
475583 583441
475583 940949
475583 940900
475584 824656
475584 940900
475584 940904
475584 475632
475584 475633
475584 475651
475584 475663
475584 516762
475584 516779
475584 525639
475584 445080
475584 583441
475584 940949
475585 475677
475585 475684
475585 475589
475585 475689
475585 525680
475585 475618
475585 475624
475585 475626
475585 475627
475585 475629
475585 475697
475585 529036
475585 475703
475585 475716
475585 940923
475585 677673
475585 677678
475585 677679
475585 677680
475585 677684
475585 677685
475585 475582
475585 475594
475585 477163
475585 648267
475585 593478
475585 631768
475585 631769
475585 631770
475585 631774
475585 631778
475585 436946
475585 444996
475585 475670
475585 475673
475585 475674
475585 475676
475585 475678
475585 475679
475585 475687
475585 525677
475585 525681
475585 631724
475585 631728
475585 631736
475585 631762
475585 824677
475585 475603
475585 475606
475585 475614
475585 475619
475585 475625
475585 475639
475585 475643
475585 475644
475585 475646
475585 475661
475585 475693
475585 516779
475585 525638
475585 525641
475585 525647
475585 525654
475585 525658
475585 525659
475585 631755
475585 631757
475585 444022
475585 583426
475585 631615
475585 631628
475585 475706
475585 475707
475585 475714
475585 583459
475585 583467
475585 940928
475585 631773
475585 475633
475585 475690
475585 501169
475585 501171
475585 475649
475585 475701
475585 824568
475585 824646
475585 937196
475586 475613
475588 677673
475588 677678
475588 677679
475588 677680
475588 677684
475588 677685
475588 475582
475588 475594
475588 477163
475588 648267
475588 593478
475588 631768
475588 631769
475588 631770
475588 631774
475588 631778
475588 436946
475588 444996
475588 475670
475588 475673
475588 475674
475588 475676
475588 475678
475588 475679
475588 475687
475588 525677
475588 525681
475588 631724
475588 631728
475588 631736
475588 631762
475588 824677
475588 475603
475588 475606
475588 475614
475588 475619
475588 475625
475588 475639
475588 475643
475588 475644
475588 475646
475588 475661
475588 475693
475588 516779
475588 525638
475588 525641
475588 525647
475588 525654
475588 525658
475588 525659
475588 631755
475588 631757
475588 444022
475588 583426
475588 631615
475588 631628
475588 475707
475588 475714
475588 583459
475588 583467
475588 940928
475588 475706
475589 475585
475589 475677
475589 475684
475589 525680
475589 475618
475589 475624
475589 475626
475589 475627
475589 475629
475589 475697
475589 529036
475589 475703
475589 475716
475589 940923
475589 475689
677682 677688
677682 475590
677682 631813
677682 631772
677682 631777
677682 525686
677682 475605
677682 677673
677682 677678
677682 677679
677682 677680
677682 677684
677682 677685
677682 475582
677682 475594
677682 477163
677682 648267
677682 593478
677682 631768
677682 631769
677682 631770
677682 631774
677682 631778
677682 436946
677682 444996
677682 475670
677682 475673
677682 475674
677682 475676
677682 475678
677682 475679
677682 475687
677682 525677
677682 525681
677682 631724
677682 631728
677682 631736
677682 631762
677682 824677
677682 475603
677682 475606
677682 475614
677682 475619
677682 475625
677682 475639
677682 475643
677682 475644
677682 475646
677682 475661
677682 475693
677682 516779
677682 525638
677682 525641
677682 525647
677682 525654
677682 525659
677682 631755
677682 631757
677682 444022
677682 583426
677682 631615
677682 631628
677682 475706
677682 475707
677682 475714
677682 583459
677682 583467
677682 940928
677682 677681
677682 516753
677682 940935
677682 525658
677682 631761
677682 583454
677682 940937
677682 940946
677682 940947
475591 677673
475591 677678
475591 677679
475591 677680
475591 677684
475591 677685
475591 475582
475591 475594
475591 477163
475591 648267
475591 593478
475591 631768
475591 631769
475591 631770
475591 631774
475591 631778
475591 436946
475591 444996
475591 475670
475591 475673
475591 475674
475591 475676
475591 475678
475591 475679
475591 475687
475591 525677
475591 525681
475591 631724
475591 631728
475591 631736
475591 631762
475591 824677
475591 475603
475591 475606
475591 475614
475591 475619
475591 475625
475591 475639
475591 475643
475591 475644
475591 475646
475591 475661
475591 475693
475591 516779
475591 525638
475591 525641
475591 525647
475591 525654
475591 525658
475591 525659
475591 631755
475591 631757
475591 444022
475591 583426
475591 631615
475591 631628
475591 475706
475591 475707
475591 475714
475591 583459
475591 583467
475591 940928
475591 475628
475592 475633
475592 475690
475592 501169
475592 501171
475592 475696
475593 475595
475593 475674
475593 475683
475593 475609
475593 475617
475593 475642
475593 475652
475593 475656
475593 475658
475593 475662
475593 475694
475593 475695
677673 677678
677673 677679
677673 677680
677673 677684
677673 677685
677673 475582
677673 477163
677673 648267
677673 593478
677673 631768
677673 631769
677673 631770
677673 631774
677673 631778
677673 436946
677673 444996
677673 475670
677673 475673
677673 475674
677673 475676
677673 475678
677673 475679
677673 475687
677673 525677
677673 525681
677673 631724
677673 631728
677673 631736
677673 631762
677673 824677
677673 475603
677673 475606
677673 475614
677673 475619
677673 475625
677673 475639
677673 475643
677673 475644
677673 475646
677673 475661
677673 475693
677673 516779
677673 525638
677673 525641
677673 525647
677673 525654
677673 525658
677673 525659
677673 631755
677673 631757
677673 444022
677673 583426
677673 631615
677673 631628
677673 475706
677673 475707
677673 475714
677673 583459
677673 583467
677673 940928
677673 475594
677673 475616
677673 475620
475595 475593
475595 475674
475595 475683
475595 475609
475595 475617
475595 475642
475595 475652
475595 475656
475595 475658
475595 475662
475595 475694
475595 475695
475598 677673
475598 677678
475598 677679
475598 677680
475598 677684
475598 677685
475598 475582
475598 475594
475598 477163
475598 648267
475598 593478
475598 631768
475598 631769
475598 631770
475598 631774
475598 631778
475598 436946
475598 444996
475598 475670
475598 475673
475598 475674
475598 475676
475598 475678
475598 475679
475598 475687
475598 525677
475598 525681
475598 631724
475598 631728
475598 631736
475598 631762
475598 824677
475598 475603
475598 475606
475598 475614
475598 475619
475598 475625
475598 475639
475598 475643
475598 475644
475598 475646
475598 475661
475598 475693
475598 516779
475598 525638
475598 525641
475598 525647
475598 525654
475598 525658
475598 525659
475598 631755
475598 631757
475598 444022
475598 583426
475598 631615
475598 631628
475598 475706
475598 475707
475598 475714
475598 583459
475598 583467
475598 940928
475598 475665
475599 677673
475599 677678
475599 677679
475599 677680
475599 677684
475599 677685
475599 475582
475599 475594
475599 477163
475599 648267
475599 593478
475599 631768
475599 631769
475599 631770
475599 631774
475599 631778
475599 436946
475599 444996
475599 475670
475599 475673
475599 475676
475599 475678
475599 475679
475599 475687
475599 525677
475599 525681
475599 631724
475599 631728
475599 631736
475599 631762
475599 824677
475599 475603
475599 475606
475599 475614
475599 475619
475599 475625
475599 475639
475599 475643
475599 475644
475599 475646
475599 475661
475599 475693
475599 516779
475599 525638
475599 525641
475599 525647
475599 525654
475599 525658
475599 525659
475599 631755
475599 631757
475599 444022
475599 583426
475599 631615
475599 631628
475599 475706
475599 475707
475599 475714
475599 583459
475599 583467
475599 940928
475599 475576
475599 475713
475599 475580
475599 475667
475599 475683
475599 475609
475599 475617
475599 475642
475599 475652
475599 475656
475599 475658
475599 475662
475599 475694
475599 475695
475599 475674
631808 475612
631808 501167
631808 445084
631815 677673
631815 677678
631815 677679
631815 677680
631815 677684
631815 677685
631815 475582
631815 475594
631815 477163
631815 648267
631815 593478
631815 631768
631815 631769
631815 631770
631815 631774
631815 631778
631815 436946
631815 444996
631815 475670
631815 475673
631815 475674
631815 475676
631815 475678
631815 475679
631815 475687
631815 525677
631815 525681
631815 631724
631815 631728
631815 631736
631815 631762
631815 824677
631815 475603
631815 475606
631815 475614
631815 475619
631815 475625
631815 475639
631815 475643
631815 475644
631815 475646
631815 475661
631815 475693
631815 516779
631815 525638
631815 525641
631815 525647
631815 525654
631815 525658
631815 525659
631815 631755
631815 631757
631815 444022
631815 583426
631815 631615
631815 631628
631815 475706
631815 475707
631815 475714
631815 583459
631815 583467
631815 940928
631815 583479
648265 525627
648270 824614
648270 824643
648270 940900
648270 940904
648270 475632
648270 475651
648270 475663
648270 516762
648270 516779
648270 525639
648270 445080
648270 583441
648270 940949
648270 475690
648270 501169
648270 501171
648270 475633
824555 824562
824555 824573
824555 824577
824555 824579
824555 824588
824555 824597
824555 824621
824555 824631
824555 824704
824556 900691
824556 824585
824556 900733
824556 475682
824556 824627
824556 824675
824556 824641
824556 883402
824556 940993
824556 940964
824557 824596
824558 824583
824558 824615
824558 824618
824558 824634
824558 824710
824559 900693
824559 824587
824559 900730
824559 824600
824559 824601
824559 824611
824559 824682
824559 516771
824559 824698
824559 857057
824559 824721
824559 824689
824559 824703
824559 966285
824560 824570
824560 824590
824561 824636
824562 824555
824562 824573
824562 824577
824562 824579
824562 824588
824562 824597
824562 824621
824562 824631
824562 824704
824563 824712
824564 824684
824564 824737
824565 824701
824566 824572
824566 824642
824566 824678
824567 824662
824567 824592
824568 475585
824568 475677
824568 475684
824568 475689
824568 525680
824568 475618
824568 475624
824568 475626
824568 475627
824568 475629
824568 475697
824568 529036
824568 475703
824568 475716
824568 940923
824568 824646
824569 900722
824569 436946
824569 463283
824569 463284
824569 463289
824569 463294
824569 463295
824569 475600
824569 516776
824569 445078
824569 445083
824569 501173
824569 436950
824569 463286
824569 463288
824569 463299
824569 516773
824569 940927
824570 824560
824570 824590
824571 ENGLAN
824571 911548
824571 940900
824571 940904
824571 475632
824571 475633
824571 475651
824571 475663
824571 516762
824571 516779
824571 525639
824571 445080
824571 583441
824571 940949
824572 824566
824572 824642
824572 824678
824573 824555
824573 824562
824573 824577
824573 824579
824573 824588
824573 824597
824573 824621
824573 824631
824573 824704
824574 940918
824574 940899
824575 824679
824575 516771
824575 824698
824575 857057
824575 824721
824576 824674
824576 824720
824577 824555
824577 824562
824577 824573
824577 824579
824577 824588
824577 824597
824577 824621
824577 824631
824577 824704
824578 475583
824578 475675
824578 475680
824578 525685
824578 940904
824578 475632
824578 475633
824578 475651
824578 475663
824578 516762
824578 516779
824578 525639
824578 445080
824578 583441
824578 940949
824578 940900
824579 824555
824579 824562
824579 824573
824579 824577
824579 824588
824579 824597
824579 824621
824579 824631
824579 824704
824580 918496
824580 824645
824580 824654
824580 824695
824581 824628
824582 824591
824582 824602
824582 824612
824582 824686
824583 824558
824583 824615
824583 824618
824583 824634
824583 824710
824584 631732
824584 940900
824584 940904
824584 475632
824584 475633
824584 475651
824584 475663
824584 516762
824584 516779
824584 525639
824584 445080
824584 583441
824584 940949
824585 900691
824585 824556
824585 900733
824585 475682
824585 824627
824585 824675
824585 824641
824585 883402
824585 940993
824585 940964
824586 900696
824586 900698
824586 900701
824586 900724
824586 900736
824586 900711
824586 824714
824587 900693
824587 824559
824587 900730
824587 824600
824587 824601
824587 824611
824587 824682
824587 516771
824587 824698
824587 857057
824587 824721
824587 824689
824587 824703
824587 966285
824588 824555
824588 824562
824588 824573
824588 824577
824588 824579
824588 824597
824588 824621
824588 824631
824588 824704
824589 824630
824590 824560
824590 824570
824591 824582
824591 824602
824591 824612
824591 824686
824592 824567
824592 824662
824593 824702
824594 900700
824594 824663
824594 940900
824594 940904
824594 475632
824594 475633
824594 475651
824594 475663
824594 516762
824594 516779
824594 525639
824594 445080
824594 583441
824594 940949
824595 824599
824595 824603
824595 824705
824596 824557
824597 824555
824597 824562
824597 824573
824597 824577
824597 824579
824597 824588
824597 824621
824597 824631
824597 824704
824599 824595
824599 824603
824599 824705
900700 824594
900700 824663
900700 940900
900700 940904
900700 475632
900700 475633
900700 475651
900700 475663
900700 516762
900700 516779
900700 525639
900700 445080
900700 583441
900700 940949
900702 900731
900702 900734
900702 900741
900702 463295
900702 516755
900707 900696
900707 900698
900707 900701
900707 900724
900707 900736
900707 900711
900707 900709
900709 900696
900709 900698
900709 900701
900709 900724
900709 900736
900709 900711
900709 900707
900710 900717
900710 900722
900712 900726
900712 900713
900712 900714
900717 900710
900717 900722
900721 824637
900721 940970
900710 900717
900710 900722
900710 824569
900710 436946
900710 463283
900710 463284
900710 463289
900710 463294
900710 463295
900710 475600
900710 516776
900710 445078
900710 445083
900710 501173
900710 436950
900710 463286
900710 463288
900710 463299
900710 516773
900710 940927
900723 436939
900723 436946
900723 436945
900723 463279
900723 463290
900723 501174
900723 436957
900723 436958
900723 436944
900725 475633
900725 475690
900725 501169
900725 501171
900730 900693
900730 824559
900730 824587
900730 824600
900730 824601
900730 824611
900730 824682
900730 516771
900730 824698
900730 857057
900730 824721
900730 824689
900730 824703
900730 966285
900731 900734
900731 900702
900731 900741
900731 463295
900731 516755
900733 900691
900733 824556
900733 824585
900733 475682
900733 824627
900733 824675
900733 824641
900733 883402
900733 940993
900733 940964
900741 900702
900741 900731
900741 900734
900741 463295
900741 516755
918496 824580
918496 824645
918496 824654
918496 824695
677673 677678
677673 677679
677673 677680
677673 677684
677673 677685
677673 475582
677673 475594
677673 477163
677673 648267
677673 631768
677673 631769
677673 631770
677673 631774
677673 631778
677673 436946
677673 444996
677673 475670
677673 475673
677673 475674
677673 475676
677673 475678
677673 475679
677673 475687
677673 525677
677673 525681
677673 631724
677673 631728
677673 631736
677673 631762
677673 824677
677673 475603
677673 475606
677673 475614
677673 475619
677673 475625
677673 475639
677673 475643
677673 475644
677673 475646
677673 475661
677673 475693
677673 516779
677673 525638
677673 525641
677673 525647
677673 525654
677673 525658
677673 525659
677673 631755
677673 631757
677673 444022
677673 583426
677673 631615
677673 631628
677673 475706
677673 475707
677673 475714
677673 583459
677673 583467
677673 940928
677673 593478
677673 593553
631767 940900
631767 940904
631767 475632
631767 475633
631767 475651
631767 475663
631767 516762
631767 516779
631767 525639
631767 445080
631767 583441
631767 940949
631767 475601
631767 824718
631773 677673
631773 677678
631773 677679
631773 677680
631773 677684
631773 677685
631773 475582
631773 475594
631773 477163
631773 648267
631773 593478
631773 631768
631773 631769
631773 631770
631773 631774
631773 631778
631773 436946
631773 444996
631773 475670
631773 475673
631773 475674
631773 475676
631773 475678
631773 475679
631773 475687
631773 525677
631773 525681
631773 631724
631773 631728
631773 631736
631773 631762
631773 824677
631773 475603
631773 475606
631773 475614
631773 475619
631773 475625
631773 475639
631773 475643
631773 475644
631773 475646
631773 475661
631773 475693
631773 516779
631773 525638
631773 525641
631773 525647
631773 525654
631773 525658
631773 525659
631773 631755
631773 631757
631773 444022
631773 583426
631773 631615
631773 631628
631773 475706
631773 475707
631773 475714
631773 583459
631773 583467
631773 940928
631773 475585
631773 475677
631773 475684
631773 475689
631773 525680
631773 475618
631773 475624
631773 475626
631773 475627
631773 475629
631773 475697
631773 529036
631773 475703
631773 475716
631773 940923
631773 475633
631773 475690
631773 501169
631773 501171
631773 475649
631773 475701
631773 REFERE
631773 475581
631773 475587
631773 475597
631773 824694
631829 525646
754183 516771
754183 824698
754183 857057
754183 824721
754183 824697
900714 900712
900714 900726
900714 900713
937187 677673
937187 677678
937187 677679
937187 677680
937187 677684
937187 677685
937187 475582
937187 475594
937187 477163
937187 648267
937187 593478
937187 631768
937187 631769
937187 631770
937187 631774
937187 631778
937187 436946
937187 444996
937187 475670
937187 475673
937187 475674
937187 475676
937187 475678
937187 475679
937187 475687
937187 525677
937187 525681
937187 631728
937187 631736
937187 631762
937187 824677
937187 475603
937187 475606
937187 475614
937187 475619
937187 475625
937187 475639
937187 475643
937187 475644
937187 475646
937187 475661
937187 475693
937187 516779
937187 525638
937187 525641
937187 525647
937187 525654
937187 525658
937187 525659
937187 631755
937187 631757
937187 444022
937187 583426
937187 631615
937187 631628
937187 475706
937187 475707
937187 475714
937187 583459
937187 583467
937187 940928
937187 631724
937195 883404
937196 475585
937196 475677
937196 475684
937196 475689
937196 525680
937196 475618
937196 475624
937196 475626
937196 475627
937196 475629
937196 475697
937196 529036
937196 475703
937196 475716
937196 940923
937199 883392
940756 940911
940756 940932
940756 940910
412970 444994
412970 437433
412970 475664
412970 475607
412970 475645
412970 445082
436939 900723
436939 436945
436939 463279
436939 463290
436939 501174
436939 436957
436939 436958
436939 436944
436939 677673
436939 677678
436939 677679
436939 677680
436939 677684
436939 677685
436939 475582
436939 475594
436939 477163
436939 648267
436939 593478
436939 631768
436939 631769
436939 631770
436939 631774
436939 631778
436939 444996
436939 475670
436939 475673
436939 475674
436939 475676
436939 475678
436939 475679
436939 475687
436939 525677
436939 525681
436939 631724
436939 631728
436939 631736
436939 631762
436939 824677
436939 475603
436939 475606
436939 475614
436939 475619
436939 475625
436939 475639
436939 475643
436939 475644
436939 475646
436939 475661
436939 475693
436939 516779
436939 525638
436939 525641
436939 525647
436939 525654
436939 525658
436939 525659
436939 631755
436939 631757
436939 444022
436939 583426
436939 631615
436939 631628
436939 475706
436939 475707
436939 475714
436939 583459
436939 583467
436939 940928
436939 436943
436939 463283
436939 463284
436939 463289
436939 463294
436939 463295
436939 475600
436939 516776
436939 445078
436939 445083
436939 501173
436939 436946
436942 463286
436942 463288
436942 463299
436942 463291
436943 677673
436943 677678
436943 677679
436943 677680
436943 677684
436943 677685
436943 475582
436943 475594
436943 477163
436943 648267
436943 593478
436943 631768
436943 631769
436943 631770
436943 631774
436943 631778
436943 444996
436943 475670
436943 475673
436943 475674
436943 475676
436943 475678
436943 475679
436943 475687
436943 525677
436943 525681
436943 631724
436943 631728
436943 631736
436943 631762
436943 824677
436943 475603
436943 475606
436943 475614
436943 475619
436943 475625
436943 475639
436943 475643
436943 475644
436943 475646
436943 475661
436943 475693
436943 516779
436943 525638
436943 525641
436943 525647
436943 525654
436943 525658
436943 525659
436943 631755
436943 631757
436943 444022
436943 583426
436943 631615
436943 631628
436943 475706
436943 475707
436943 475714
436943 583459
436943 583467
436943 940928
436943 436939
436943 436944
436943 463283
436943 463284
436943 463289
436943 463294
436943 463295
436943 475600
436943 516776
436943 445078
436943 445083
436943 501173
436943 436946
900723 436939
900723 436946
900723 436944
900723 436945
900723 463279
900723 463290
900723 501174
900723 436957
900723 436958
677673 677678
677673 677679
677673 677680
677673 677684
677673 677685
677673 475582
677673 475594
677673 477163
677673 648267
677673 593478
677673 631768
677673 631769
677673 631770
677673 631774
677673 631778
677673 444996
677673 475670
677673 475673
677673 475674
677673 475676
677673 475678
677673 475679
677673 475687
677673 525677
677673 525681
677673 631724
677673 631728
677673 631736
677673 631762
677673 824677
677673 475603
677673 475606
677673 475614
677673 475619
677673 475625
677673 475639
677673 475643
677673 475644
677673 475646
677673 475661
677673 475693
677673 516779
677673 525638
677673 525641
677673 525647
677673 525654
677673 525658
677673 525659
677673 631755
677673 631757
677673 444022
677673 583426
677673 631615
677673 631628
677673 475706
677673 475707
677673 475714
677673 583459
677673 583467
677673 940928
677673 436939
677673 436944
677673 436943
677673 436946
677673 463283
677673 463284
677673 463289
677673 436948
677673 463294
677673 900694
677673 900715
677673 516755
677673 463295
677673 475600
677673 516776
677673 501172
677673 445078
677673 445083
677673 501173
677673 824569
677673 900722
677673 436950
677673 463286
677673 463288
677673 463299
677673 516773
677673 940927
436948 436946
436948 463283
436948 463284
436948 463289
436948 463295
436948 475600
436948 516776
436948 445078
436948 445083
436948 501173
436948 463294
436950 824569
436950 900722
436950 436946
436950 463283
436950 463284
436950 463289
436950 463294
436950 463295
436950 475600
436950 516776
436950 445078
436950 445083
436950 501173
436950 463286
436950 463288
436950 463299
436950 516773
436950 940927
436952 436953
436952 463282
436952 463288
436952 463299
436952 463286
436953 436952
436953 463282
436953 463288
436953 463299
436953 463286
444994 437433
444994 412970
444994 475664
444994 475607
444994 475645
444994 445082
444995 677673
444995 677678
444995 677679
444995 677680
444995 677684
444995 677685
444995 475582
444995 475594
444995 477163
444995 648267
444995 593478
444995 631768
444995 631769
444995 631770
444995 631774
444995 631778
444995 436946
444995 475670
444995 475673
444995 475674
444995 475676
444995 475678
444995 475679
444995 475687
444995 525677
444995 525681
444995 631724
444995 631728
444995 631736
444995 631762
444995 824677
444995 475603
444995 475606
444995 475614
444995 475619
444995 475625
444995 475639
444995 475643
444995 475644
444995 475646
444995 475661
444995 475693
444995 516779
444995 525638
444995 525641
444995 525647
444995 525654
444995 525658
444995 525659
444995 631755
444995 631757
444995 444022
444995 583426
444995 631615
444995 631628
444995 475706
444995 475707
444995 475714
444995 583459
444995 583467
444995 940928
444995 444996
463280 463286
463280 463288
463280 463299
463280 463287
463282 436952
463282 436953
463282 463288
463282 463299
463282 463286
463285 463286
463285 463288
463285 463299
463285 436959
436952 436953
436952 463282
436952 463286
436952 463288
436952 463299
436952 436942
436952 463291
436952 463285
436952 436959
436952 824569
436952 900722
436952 436946
436952 463283
436952 463284
436952 463289
436952 463294
436952 463295
436952 475600
436952 516776
436952 445078
436952 445083
436952 501173
436952 436950
436952 516773
436952 940927
436952 463280
436952 463287
463287 463280
463287 463286
463287 463288
463287 463299
463291 436942
463291 463286
463291 463288
463291 463299
900694 900715
900694 436946
900694 463283
900694 463284
900694 463289
900694 463294
900694 475600
900694 516776
900694 445078
900694 445083
900694 501173
900694 463295
900694 516755
900694 900702
900694 900731
900694 900734
900694 900741
900694 940950
900694 940958
900694 940962
900694 940965
475664 412970
475664 444994
475664 437433
475664 475607
475664 475645
475664 445082
475665 677673
475665 677678
475665 677679
475665 677680
475665 677684
475665 677685
475665 475582
475665 475594
475665 477163
475665 648267
475665 593478
475665 631768
475665 631769
475665 631770
475665 631774
475665 631778
475665 436946
475665 444996
475665 475670
475665 475673
475665 475674
475665 475676
475665 475678
475665 475679
475665 475687
475665 525677
475665 525681
475665 631724
475665 631728
475665 631736
475665 631762
475665 824677
475665 475603
475665 475606
475665 475614
475665 475619
475665 475625
475665 475639
475665 475643
475665 475644
475665 475646
475665 475661
475665 475693
475665 516779
475665 525638
475665 525641
475665 525647
475665 525654
475665 525658
475665 525659
475665 631755
475665 631757
475665 444022
475665 583426
475665 631615
475665 631628
475665 475706
475665 475707
475665 475714
475665 583459
475665 583467
475665 940928
475665 475598
475666 REFERE
475666 475581
475666 475587
475666 475597
475667 677673
475667 677678
475667 677679
475667 677680
475667 677684
475667 677685
475667 475582
475667 475594
475667 477163
475667 648267
475667 593478
475667 631768
475667 631769
475667 631770
475667 631774
475667 631778
475667 436946
475667 444996
475667 475670
475667 475673
475667 475676
475667 475678
475667 475679
475667 475687
475667 525677
475667 525681
475667 631724
475667 631728
475667 631736
475667 631762
475667 824677
475667 475603
475667 475606
475667 475614
475667 475619
475667 475625
475667 475639
475667 475643
475667 475644
475667 475646
475667 475661
475667 475693
475667 516779
475667 525638
475667 525641
475667 525647
475667 525654
475667 525658
475667 525659
475667 631755
475667 631757
475667 444022
475667 583426
475667 631615
475667 631628
475667 475706
475667 475707
475667 475714
475667 583459
475667 583467
475667 940928
475667 475576
475667 475713
475667 475580
475667 475599
475667 475683
475667 475609
475667 475617
475667 475642
475667 475652
475667 475656
475667 475658
475667 475662
475667 475694
475667 475695
475667 475674
475671 940900
475671 940904
475671 475633
475671 475651
475671 475663
475671 516762
475671 516779
475671 525639
475671 445080
475671 583441
475671 940949
475671 824727
475671 475700
475671 475632
475672 677673
475672 677678
475672 677679
475672 677680
475672 677684
475672 677685
475672 475582
475672 475594
475672 477163
475672 648267
475672 593478
475672 631768
475672 631769
475672 631770
475672 631774
475672 631778
475672 436946
475672 444996
475672 475670
475672 475673
475672 475674
475672 475676
475672 475678
475672 475679
475672 475687
475672 525677
475672 525681
475672 631724
475672 631728
475672 631736
475672 631762
475672 824677
475672 475603
475672 475606
475672 475614
475672 475619
475672 475625
475672 475639
475672 475643
475672 475644
475672 475646
475672 475661
475672 475693
475672 516779
475672 525638
475672 525641
475672 525647
475672 525654
475672 525658
475672 525659
475672 631755
475672 631757
475672 444022
475672 583426
475672 631615
475672 631628
475672 475706
475672 475707
475672 475714
475672 583459
475672 583467
475672 940928
475672 475688
475672 475623
677673 677678
677673 677679
677673 677680
677673 677684
677673 677685
677673 475582
677673 475594
677673 477163
677673 648267
677673 593478
677673 631768
677673 631769
677673 631770
677673 631774
677673 631778
677673 436946
677673 444996
677673 475670
677673 475673
677673 475676
677673 475678
677673 475679
677673 475687
677673 525677
677673 525681
677673 631724
677673 631728
677673 631736
677673 631762
677673 824677
677673 475603
677673 475606
677673 475614
677673 475619
677673 475625
677673 475639
677673 475643
677673 475644
677673 475646
677673 475661
677673 475693
677673 516779
677673 525638
677673 525641
677673 525647
677673 525654
677673 525658
677673 525659
677673 631755
677673 631757
677673 444022
677673 583426
677673 631615
677673 631628
677673 475706
677673 475707
677673 475714
677673 583459
677673 583467
677673 940928
677673 475576
677673 475713
677673 475580
677673 475599
677673 475667
677673 475674
677673 475650
677673 475683
677673 475609
677673 475617
677673 475642
677673 475652
677673 475656
677673 475658
677673 475662
677673 475694
677673 475695
677673 475593
677673 475595
475675 475583
475675 824578
475675 475680
475675 525685
475675 940904
475675 475632
475675 475633
475675 475651
475675 475663
475675 516762
475675 516779
475675 525639
475675 445080
475675 583441
475675 940949
475675 940900
475680 475583
475680 824578
475680 475675
475680 525685
475680 940904
475680 475632
475680 475633
475680 475651
475680 475663
475680 516762
475680 516779
475680 525639
475680 445080
475680 583441
475680 940949
475680 940900
475682 900691
475682 824556
475682 824585
475682 900733
475682 824627
475682 824675
475682 824641
475682 883402
475682 940993
475682 940964
475674 475609
475674 475617
475674 475642
475674 475652
475674 475656
475674 475658
475674 475662
475674 475694
475674 475695
475674 475683
475674 475650
475674 677673
475674 677678
475674 677679
475674 677680
475674 677684
475674 677685
475674 475582
475674 475594
475674 477163
475674 648267
475674 593478
475674 631768
475674 631769
475674 631770
475674 631774
475674 631778
475674 436946
475674 444996
475674 475670
475674 475673
475674 475676
475674 475678
475674 475679
475674 475687
475674 525677
475674 525681
475674 631724
475674 631728
475674 631736
475674 631762
475674 824677
475674 475603
475674 475606
475674 475614
475674 475619
475674 475625
475674 475639
475674 475643
475674 475644
475674 475646
475674 475661
475674 475693
475674 516779
475674 525638
475674 525641
475674 525647
475674 525654
475674 525658
475674 525659
475674 631755
475674 631757
475674 444022
475674 583426
475674 631615
475674 631628
475674 475706
475674 475707
475674 475714
475674 583459
475674 583467
475674 940928
475674 900692
475686 525621
475686 583464
475686 445084
475686 501167
475688 677673
475688 677678
475688 677679
475688 677680
475688 677684
475688 677685
475688 475582
475688 475594
475688 477163
475688 648267
475688 593478
475688 631768
475688 631769
475688 631770
475688 631774
475688 631778
475688 436946
475688 444996
475688 475670
475688 475673
475688 475674
475688 475676
475688 475678
475688 475679
475688 475687
475688 525677
475688 525681
475688 631724
475688 631728
475688 631736
475688 631762
475688 824677
475688 475603
475688 475606
475688 475614
475688 475619
475688 475625
475688 475639
475688 475643
475688 475644
475688 475646
475688 475661
475688 475693
475688 516779
475688 525638
475688 525641
475688 525647
475688 525654
475688 525658
475688 525659
475688 631755
475688 631757
475688 444022
475688 583426
475688 631615
475688 631628
475688 475706
475688 475707
475688 475714
475688 583459
475688 583467
475688 940928
475688 475672
475688 475623
525683 REFERE
525683 475581
525683 475587
525683 475597
525685 475583
525685 824578
525685 475675
525685 475680
525685 940904
525685 475632
525685 475633
525685 475651
525685 475663
525685 516762
525685 516779
525685 525639
525685 445080
525685 583441
525685 940949
525685 940900
677673 677678
677673 677679
677673 677680
677673 677684
677673 677685
677673 475582
677673 475594
677673 477163
677673 648267
677673 593478
677673 631768
677673 631769
677673 631770
677673 631774
677673 631778
677673 436946
677673 444996
677673 475670
677673 475673
677673 475674
677673 475676
677673 475678
677673 475679
677673 475687
677673 525677
677673 525681
677673 631728
677673 631736
677673 631762
677673 824677
677673 475603
677673 475606
677673 475614
677673 475619
677673 475625
677673 475639
677673 475643
677673 475644
677673 475646
677673 475661
677673 475693
677673 516779
677673 525638
677673 525641
677673 525647
677673 525654
677673 525658
677673 525659
677673 631755
677673 631757
677673 444022
677673 583426
677673 631615
677673 631628
677673 475706
677673 475707
677673 475714
677673 583459
677673 583467
677673 940928
677673 937187
677673 631724
677673 883328
631732 824584
631732 940900
631732 940904
631732 475632
631732 475633
631732 475651
631732 475663
631732 516762
631732 516779
631732 525639
631732 445080
631732 583441
631732 940949
677673 677678
677673 677679
677673 677680
677673 677684
677673 677685
677673 475582
677673 475594
677673 477163
677673 648267
677673 593478
677673 631768
677673 631769
677673 631770
677673 631774
677673 631778
677673 436946
677673 444996
677673 475670
677673 475673
677673 475674
677673 475676
677673 475678
677673 475679
677673 475687
677673 525677
677673 525681
677673 631724
677673 631728
677673 631736
677673 824677
677673 475603
677673 475606
677673 475614
677673 475619
677673 475625
677673 475639
677673 475643
677673 475644
677673 475646
677673 475661
677673 475693
677673 516779
677673 525638
677673 525641
677673 525647
677673 525654
677673 525658
677673 525659
677673 631755
677673 631757
677673 444022
677673 583426
677673 631615
677673 631628
677673 475706
677673 475707
677673 475714
677673 583459
677673 583467
677673 940928
677673 631762
677673 824609
677673 824681
677673 824685
677673 940903
677673 539495
824600 824601
824600 900693
824600 824559
824600 824587
824600 900730
824600 824611
824600 824682
824600 516771
824600 824698
824600 857057
824600 824721
824600 824689
824600 824703
824600 966285
824602 824582
824602 824591
824602 824612
824602 824686
824603 824595
824603 824599
824603 824705
824604 824719
824605 824659
824606 516771
824606 824698
824606 857057
824606 824721
824606 824726
824607 824715
824610 824635
824610 824619
824610 824638
824610 824709
824611 900693
824611 824559
824611 824587
824611 900730
824611 824600
824611 824601
824611 824682
824611 516771
824611 824698
824611 857057
824611 824721
824611 824689
824611 824703
824611 966285
824612 824582
824612 824591
824612 824602
824612 824686
824613 824707
824614 648270
824614 824643
824614 940900
824614 940904
824614 475632
824614 475651
824614 475663
824614 516762
824614 516779
824614 525639
824614 445080
824614 583441
824614 940949
824614 475690
824614 501169
824614 501171
824614 475633
824615 824558
824615 824583
824615 824618
824615 824634
824615 824710
824616 824648
824616 824667
824616 824676
824618 824558
824618 824583
824618 824615
824618 824634
824618 824710
824619 824610
824619 824635
824619 824638
824619 824709
824620 824639
824621 824555
824621 824562
824621 824573
824621 824577
824621 824579
824621 824588
824621 824597
824621 824631
824621 824704
824622 824650
824624 824665
824625 824736
824626 983870
824626 824706
824627 824675
824627 900691
824627 824556
824627 824585
824627 900733
824627 475682
824627 824641
824627 883402
824627 940993
824627 940964
824628 824581
824630 824589
824631 824555
824631 824562
824631 824573
824631 824577
824631 824579
824631 824588
824631 824597
824631 824621
824631 824704
824632 824688
824634 824558
824634 824583
824634 824615
824634 824618
824634 824710
824636 824561
824637 900721
824637 940970
824638 824610
824638 824635
824638 824619
824638 824709
824639 824620
824641 900691
824641 824556
824641 824585
824641 900733
824641 475682
824641 824627
824641 824675
824641 883402
824641 940993
824641 940964
824642 824566
824642 824572
824642 824678
824643 648270
824643 824614
824643 940900
824643 940904
824643 475632
824643 475651
824643 475663
824643 516762
824643 516779
824643 525639
824643 445080
824643 583441
824643 940949
824643 475690
824643 501169
824643 501171
824643 475633
824644 824738
824644 824723
824645 824580
824645 918496
824645 824654
824645 824695
824646 475585
824646 475677
824646 475684
824646 475689
824646 525680
824646 475618
824646 475624
824646 475626
824646 475627
824646 475629
824646 475697
824646 529036
824646 475703
824646 475716
824646 940923
824646 824568
824648 824616
824648 824667
824648 824676
824649 824655
824649 824730
824649 824734
824650 824622
824651 824698
824651 857057
824651 824721
824651 516771
824652 824658
824654 824580
824654 918496
824654 824645
824654 824695
824655 824649
824655 824730
824655 824734
824656 475584
824656 940900
824656 940904
824656 475632
824656 475633
824656 475651
824656 475663
824656 516762
824656 516779
824656 525639
824656 445080
824656 583441
824656 940949
824658 824652
824659 824605
824660 824672
824660 824692
824661 824729
824663 824594
824663 900700
824663 940900
824663 940904
824663 475632
824663 475633
824663 475651
824663 475663
824663 516762
824663 516779
824663 525639
824663 445080
824663 583441
824663 940949
824664 966313
824665 824624
824667 824616
824667 824648
824667 824676
824669 824724
824671 824680
824672 824692
824672 824660
824674 824576
824674 824720
824676 824616
824676 824648
824676 824667
824678 824566
824678 824572
824678 824642
824679 824575
824679 516771
824679 824698
824679 857057
824679 824721
824680 824671
824681 631762
824681 824609
824681 940903
824681 539495
824681 824685
824682 900693
824682 824559
824682 824587
824682 900730
824682 824600
824682 824601
824682 824611
824682 516771
824682 824698
824682 857057
824682 824721
824682 824689
824682 824703
824682 966285
824684 824564
824684 824737
824688 824632
883400 940993
ENGLAN 911548
ENGLAN 883325
475583 824578
475583 475675
475583 475680
475583 525685
475583 940900
475583 940904
475583 475671
475583 824727
475583 475700
475583 475632
475583 648270
475583 824614
475583 824643
475583 475690
475583 501169
475583 501171
475583 475633
475583 475651
475583 475663
475583 516765
475583 516766
475583 516762
475583 677673
475583 677678
475583 677679
475583 677680
475583 677684
475583 677685
475583 475582
475583 475594
475583 477163
475583 648267
475583 593478
475583 631768
475583 631769
475583 631770
475583 631774
475583 631778
475583 436946
475583 444996
475583 475670
475583 475673
475583 475674
475583 475676
475583 475678
475583 475679
475583 475687
475583 525677
475583 525681
475583 631724
475583 631728
475583 631736
475583 631762
475583 824677
475583 475603
475583 475606
475583 475614
475583 475619
475583 475625
475583 475639
475583 475643
475583 475644
475583 475646
475583 475661
475583 475693
475583 525638
475583 525641
475583 525647
475583 525654
475583 525658
475583 525659
475583 631755
475583 631757
475583 444022
475583 583426
475583 631615
475583 631628
475583 475706
475583 475707
475583 475714
475583 583459
475583 583467
475583 940928
475583 516767
475583 516777
475583 516779
475583 677687
475583 883350
475583 525639
475583 445080
475583 583441
475583 940949
475583 631767
475583 475601
475583 824718
475583 516774
475583 883353
475583 824728
475583 940934
475583 824740
475583 937245
475583 940897
475583 475584
475583 824656
475583 824584
475583 631732
475583 824594
475583 900700
475583 824663
475583 BRAZIL
475583 940924
475583 ENGLAN
475583 911548
475583 824571
940902 940899
940902 940918
940906 940895
940906 940930
940906 940931
940906 940962
940906 940965
940906 940958
940756 940910
940756 940911
940756 940932
940756 940896
940756 940956
940913 475633
940913 475690
940913 501169
940913 501171
940902 940918
940902 940899
940902 942009
940902 942010
940902 940978
940902 940987
940902 940990
940902 940948
940902 940954
940902 940963
940902 940980
940902 940982
940902 940979
940902 940973
940902 824574
940919 940933
983870 824626
983870 824706
475601 631767
475601 940900
475601 940904
475601 475632
475601 475633
475601 475651
475601 475663
475601 516762
475601 516779
475601 525639
475601 445080
475601 583441
475601 940949
475601 824718
475607 412970
475607 444994
475607 437433
475607 475664
475607 475645
475607 445082
475610 475704
475612 631808
475612 501167
475612 445084
475613 475586
475620 475594
475620 475616
475623 677673
475623 677678
475623 677679
475623 677680
475623 677684
475623 677685
475623 475582
475623 475594
475623 477163
475623 648267
475623 593478
475623 631768
475623 631769
475623 631770
475623 631774
475623 631778
475623 436946
475623 444996
475623 475670
475623 475673
475623 475674
475623 475676
475623 475678
475623 475679
475623 475687
475623 525677
475623 525681
475623 631724
475623 631728
475623 631736
475623 631762
475623 824677
475623 475603
475623 475606
475623 475614
475623 475619
475623 475625
475623 475639
475623 475643
475623 475644
475623 475646
475623 475661
475623 475693
475623 516779
475623 525638
475623 525641
475623 525647
475623 525654
475623 525658
475623 525659
475623 631755
475623 631757
475623 444022
475623 583426
475623 631615
475623 631628
475623 475706
475623 475707
475623 475714
475623 583459
475623 583467
475623 940928
475623 475672
475623 475688
475628 677673
475628 677678
475628 677679
475628 677680
475628 677684
475628 677685
475628 475582
475628 475594
475628 477163
475628 648267
475628 593478
475628 631768
475628 631769
475628 631770
475628 631774
475628 631778
475628 436946
475628 444996
475628 475670
475628 475673
475628 475674
475628 475676
475628 475678
475628 475679
475628 475687
475628 525677
475628 525681
475628 631724
475628 631728
475628 631736
475628 631762
475628 824677
475628 475603
475628 475606
475628 475614
475628 475619
475628 475625
475628 475639
475628 475643
475628 475644
475628 475646
475628 475661
475628 475693
475628 516779
475628 525638
475628 525641
475628 525647
475628 525654
475628 525658
475628 525659
475628 631755
475628 631757
475628 444022
475628 583426
475628 631615
475628 631628
475628 475706
475628 475707
475628 475714
475628 583459
475628 583467
475628 940928
475628 475591
475630 475654
475671 940900
475671 940904
475671 475633
475671 475651
475671 475663
475671 516762
475671 516779
475671 525639
475671 445080
475671 583441
475671 940949
475671 475632
475671 824727
475671 475700
475671 475575
475671 475634
648270 824614
648270 824643
648270 940900
648270 940904
648270 475632
648270 475651
648270 475663
648270 516762
648270 516779
648270 525639
648270 445080
648270 583441
648270 940949
648270 475633
648270 475690
648270 501169
648270 501171
648270 677673
648270 677678
648270 677679
648270 677680
648270 677684
648270 677685
648270 475582
648270 475594
648270 477163
648270 648267
648270 593478
648270 631768
648270 631769
648270 631770
648270 631774
648270 631778
648270 436946
648270 444996
648270 475670
648270 475673
648270 475674
648270 475676
648270 475678
648270 475679
648270 475687
648270 525677
648270 525681
648270 631724
648270 631728
648270 631736
648270 631762
648270 824677
648270 475603
648270 475606
648270 475614
648270 475619
648270 475625
648270 475639
648270 475643
648270 475644
648270 475646
648270 475661
648270 475693
648270 525638
648270 525641
648270 525647
648270 525654
648270 525658
648270 525659
648270 631755
648270 631757
648270 444022
648270 583426
648270 631615
648270 631628
648270 475706
648270 475707
648270 475714
648270 583459
648270 583467
648270 940928
648270 475585
648270 475677
648270 475684
648270 475689
648270 525680
648270 475618
648270 475624
648270 475626
648270 475627
648270 475629
648270 475697
648270 529036
648270 475703
648270 475716
648270 940923
648270 631773
648270 475649
648270 475701
648270 475577
648270 525650
648270 940913
648270 900725
648270 475592
648270 475696
475634 475575
475634 475632
475634 824727
475634 475700
677673 677678
677673 677679
677673 677680
677673 677684
677673 677685
677673 475582
677673 475594
677673 477163
677673 648267
677673 593478
677673 631768
677673 631769
677673 631770
677673 631774
677673 631778
677673 436946
677673 444996
677673 475670
677673 475673
677673 475674
677673 475676
677673 475678
677673 475679
677673 475687
677673 525677
677673 525681
677673 631724
677673 631728
677673 631736
677673 631762
677673 824677
677673 475603
677673 475606
677673 475614
677673 475619
677673 475625
677673 475643
677673 475644
677673 475646
677673 475661
677673 475693
677673 516779
677673 525638
677673 525641
677673 525647
677673 525654
677673 525658
677673 525659
677673 631755
677673 631757
677673 444022
677673 583426
677673 631615
677673 631628
677673 475706
677673 475707
677673 475714
677673 583459
677673 583467
677673 940928
677673 475639
677673 475705
677673 475715
475645 412970
475645 444994
475645 437433
475645 475664
475645 475607
475645 445082
475649 677673
475649 677678
475649 677679
475649 677680
475649 677684
475649 677685
475649 475582
475649 475594
475649 477163
475649 648267
475649 593478
475649 631768
475649 631769
475649 631770
475649 631774
475649 631778
475649 436946
475649 444996
475649 475670
475649 475673
475649 475674
475649 475676
475649 475678
475649 475679
475649 475687
475649 525677
475649 525681
475649 631724
475649 631728
475649 631736
475649 631762
475649 824677
475649 475603
475649 475606
475649 475614
475649 475619
475649 475625
475649 475639
475649 475643
475649 475644
475649 475646
475649 475661
475649 475693
475649 516779
475649 525638
475649 525641
475649 525647
475649 525654
475649 525658
475649 525659
475649 631755
475649 631757
475649 444022
475649 583426
475649 631615
475649 631628
475649 475706
475649 475707
475649 475714
475649 583459
475649 583467
475649 940928
475649 475585
475649 475677
475649 475684
475649 475689
475649 525680
475649 475618
475649 475624
475649 475626
475649 475627
475649 475629
475649 475697
475649 529036
475649 475703
475649 475716
475649 940923
475649 631773
475649 475633
475649 475690
475649 501169
475649 501171
475649 475701
475654 475630
475691 445080
475696 475592
475696 475633
475696 475690
475696 501169
475696 501171
516753 677673
516753 677678
516753 677679
516753 677680
516753 677684
516753 677685
516753 475582
516753 475594
516753 477163
516753 648267
516753 593478
516753 631768
516753 631769
516753 631770
516753 631774
516753 631778
516753 436946
516753 444996
516753 475670
516753 475673
516753 475674
516753 475676
516753 475678
516753 475679
516753 475687
516753 525677
516753 525681
516753 631724
516753 631728
516753 631736
516753 631762
516753 824677
516753 475603
516753 475606
516753 475614
516753 475619
516753 475625
516753 475639
516753 475643
516753 475644
516753 475646
516753 475661
516753 475693
516753 516779
516753 525638
516753 525641
516753 525647
516753 525654
516753 525659
516753 631755
516753 631757
516753 444022
516753 583426
516753 631615
516753 631628
516753 475706
516753 475707
516753 475714
516753 583459
516753 583467
516753 940928
516753 677681
516753 475590
516753 631813
516753 631772
516753 631777
516753 525686
516753 475605
516753 631761
516753 525658
516753 940935
940900 940904
940900 475632
940900 475633
940900 475651
940900 475663
940900 516779
940900 525639
940900 445080
940900 583441
940900 940949
940900 516762
940900 516765
940900 516766
516767 516777
516767 677673
516767 677678
516767 677679
516767 677680
516767 677684
516767 677685
516767 475582
516767 475594
516767 477163
516767 648267
516767 593478
516767 631768
516767 631769
516767 631770
516767 631774
516767 631778
516767 436946
516767 444996
516767 475670
516767 475673
516767 475674
516767 475676
516767 475678
516767 475679
516767 475687
516767 525677
516767 525681
516767 631724
516767 631728
516767 631736
516767 631762
516767 824677
516767 475603
516767 475606
516767 475614
516767 475619
516767 475625
516767 475639
516767 475643
516767 475644
516767 475646
516767 475661
516767 475693
516767 525638
516767 525641
516767 525647
516767 525654
516767 525658
516767 525659
516767 631755
516767 631757
516767 444022
516767 583426
516767 631615
516767 631628
516767 475706
516767 475707
516767 475714
516767 583459
516767 583467
516767 940928
516767 940900
516767 940904
516767 475632
516767 475633
516767 475651
516767 475663
516767 516762
516767 525639
516767 445080
516767 583441
516767 940949
516767 516779
824651 516771
824651 824698
824651 857057
824651 824721
824651 900693
824651 824559
824651 824587
824651 900730
824651 824600
824651 824601
824651 824611
824651 824682
824651 824689
824651 824703
824651 966285
824651 754183
824651 824697
824651 824575
824651 824679
824651 824606
824651 824726
516773 824569
516773 900722
516773 436946
516773 463283
516773 463284
516773 463289
516773 463294
516773 463295
516773 475600
516773 516776
516773 445078
516773 445083
516773 501173
516773 436950
516773 463286
516773 463288
516773 463299
516773 940927
516774 940900
516774 940904
516774 475632
516774 475633
516774 475651
516774 475663
516774 516762
516774 516779
516774 525639
516774 445080
516774 583441
516774 940949
525621 583464
525621 475686
525621 445084
525621 501167
525627 648265
677687 940900
677687 940904
677687 475632
677687 475633
677687 475651
677687 475663
677687 516762
677687 516779
677687 445080
677687 583441
677687 940949
677687 525639
677687 883350
525640 677673
525640 677678
525640 677679
525640 677680
525640 677684
525640 677685
525640 475582
525640 475594
525640 477163
525640 648267
525640 593478
525640 631768
525640 631769
525640 631770
525640 631774
525640 631778
525640 436946
525640 444996
525640 475670
525640 475673
525640 475674
525640 475676
525640 475678
525640 475679
525640 475687
525640 525677
525640 525681
525640 631724
525640 631728
525640 631736
525640 631762
525640 824677
525640 475603
525640 475606
525640 475614
525640 475619
525640 475625
525640 475639
525640 475643
525640 475644
525640 475646
525640 475661
525640 475693
525640 516779
525640 525638
525640 525641
525640 525647
525640 525654
525640 525658
525640 525659
525640 631755
525640 631757
525640 444022
525640 583426
525640 631615
525640 631628
525640 475706
525640 475707
525640 475714
525640 583459
525640 583467
525640 940928
525640 475705
525646 631829
525648 677673
525648 677678
525648 677679
525648 677680
525648 677684
525648 677685
525648 475582
525648 475594
525648 477163
525648 648267
525648 593478
525648 631768
525648 631769
525648 631770
525648 631774
525648 631778
525648 436946
525648 444996
525648 475670
525648 475673
525648 475674
525648 475676
525648 475678
525648 475679
525648 475687
525648 525677
525648 525681
525648 631724
525648 631728
525648 631736
525648 631762
525648 824677
525648 475603
525648 475606
525648 475614
525648 475619
525648 475625
525648 475639
525648 475643
525648 475644
525648 475646
525648 475661
525648 475693
525648 516779
525648 525638
525648 525641
525648 525647
525648 525654
525648 525658
525648 525659
525648 631755
525648 631757
525648 444022
525648 583426
525648 631615
525648 631628
525648 475706
525648 475707
525648 475714
525648 583459
525648 583467
525648 940928
525650 475577
525650 475633
525650 475690
525650 501169
525650 501171
824686 824582
824686 824591
824686 824602
824686 824612
824687 900695
824687 900696
824689 900693
824689 824559
824689 824587
824689 900730
824689 824600
824689 824601
824689 824611
824689 824682
824689 516771
824689 824698
824689 857057
824689 824721
824689 824703
824689 966285
824690 824717
824691 824696
824694 REFERE
824694 475581
824694 475587
824694 475597
824694 631773
824695 824580
824695 918496
824695 824645
824695 824654
824696 824691
824697 754183
824697 516771
824697 824698
824697 857057
824697 824721
824699 824716
857058 SOUTHA
857058 677673
857058 677678
857058 677679
857058 677680
857058 677684
857058 677685
857058 475582
857058 475594
857058 477163
857058 648267
857058 593478
857058 631768
857058 631769
857058 631770
857058 631774
857058 631778
857058 436946
857058 444996
857058 475670
857058 475673
857058 475674
857058 475676
857058 475678
857058 475679
857058 475687
857058 525677
857058 525681
857058 631724
857058 631728
857058 631736
857058 631762
857058 824677
857058 475603
857058 475606
857058 475614
857058 475619
857058 475625
857058 475639
857058 475643
857058 475644
857058 475646
857058 475661
857058 475693
857058 516779
857058 525638
857058 525641
857058 525647
857058 525654
857058 525658
857058 525659
857058 631755
857058 631757
857058 444022
857058 583426
857058 631615
857058 631628
857058 475706
857058 475707
857058 475714
857058 583459
857058 583467
857058 940928
857059 857061
857059 475714
857061 857059
857061 475714
883328 631724
883345 677684
883345 475631
883345 940925
883345 937255
883351 883352
883351 883394
883352 883351
883352 883394
883353 940900
883353 940904
883353 475632
883353 475633
883353 475651
883353 475663
883353 516762
883353 516779
883353 525639
883353 445080
883353 583441
883353 940949
883391 937240
937199 883392
937199 937253
883394 883351
883394 883352
883398 883405
883402 900691
883402 824556
883402 824585
883402 900733
883402 475682
883402 824627
883402 824675
883402 824641
883402 940993
883402 940964
883404 937195
883405 883398
937240 883391
937245 940900
937245 940904
937245 475632
937245 475633
937245 475651
937245 475663
937245 516762
937245 516779
937245 525639
937245 445080
937245 583441
937245 940949
937245 940897
937253 883392
937255 677684
937255 475631
937255 940925
937255 883345
940895 940906
940895 940930
940895 940931
940895 940962
940895 940965
940895 940958
940896 940910
940896 940911
940896 940932
940896 940956
940897 940900
940897 940904
940897 475632
940897 475633
940897 475651
940897 475663
940897 516762
940897 516779
940897 525639
940897 445080
940897 583441
940897 940949
940897 937245
940898 940922
940898 940952
940898 940959
943550 ENGLAN
943550 911548
943550 966310
966310 ENGLAN
966310 911548
966310 943550
966313 824664
824700 824713
824700 824732
824701 824565
824702 824593
824703 900693
824703 824559
824703 824587
824703 900730
824703 824600
824703 824601
824703 824611
824703 824682
824703 516771
824703 824698
824703 857057
824703 824721
824703 824689
824703 966285
824704 824555
824704 824562
824704 824573
824704 824577
824704 824579
824704 824588
824704 824597
824704 824621
824704 824631
824705 824595
824705 824599
824705 824603
824706 824626
824706 983870
824707 824613
824709 824610
824709 824635
824709 824619
824709 824638
824710 824558
824710 824583
824710 824615
824710 824618
824710 824634
824711 824731
824712 824563
824713 824700
824713 824732
824714 900696
824714 900698
824714 900701
824714 900724
824714 900736
824714 900711
824714 824586
824715 824607
824716 824699
824717 824690
824718 631767
824718 940900
824718 940904
824718 475632
824718 475633
824718 475651
824718 475663
824718 516762
824718 516779
824718 525639
824718 445080
824718 583441
824718 940949
824718 475601
824719 824604
824720 824576
824720 824674
824722 824733
824644 824723
824644 824738
824725 940953
824726 824606
824726 516771
824726 824698
824726 857057
824726 824721
824728 940900
824728 940904
824728 475632
824728 475633
824728 475651
824728 475663
824728 516762
824728 516779
824728 525639
824728 445080
824728 583441
824728 940949
824728 940934
824729 824661
824730 824734
824730 824649
824730 824655
824731 824711
824732 824700
824732 824713
824733 824722
824736 824625
824737 824564
824737 824684
824740 940900
824740 940904
824740 475632
824740 475633
824740 475651
824740 475663
824740 516762
824740 516779
824740 525639
824740 445080
824740 583441
824740 940949
436959 463285
436959 463286
436959 463288
436959 463299
436946 463283
436946 463284
436946 463289
436946 463294
436946 463295
436946 475600
436946 516776
436946 445083
436946 501173
436946 445078
436946 501172
940900 940904
940900 475632
940900 475633
940900 475651
940900 475663
940900 516762
940900 516779
940900 525639
940900 583441
940900 940949
940900 445080
940900 475691
445082 412970
445082 444994
445082 437433
445082 475664
445082 475607
445082 475645
631808 475612
631808 445084
631808 501167
631808 475686
631808 525621
631808 583464
475701 677673
475701 677678
475701 677679
475701 677680
475701 677684
475701 677685
475701 475582
475701 475594
475701 477163
475701 648267
475701 593478
475701 631768
475701 631769
475701 631770
475701 631774
475701 631778
475701 436946
475701 444996
475701 475670
475701 475673
475701 475674
475701 475676
475701 475678
475701 475679
475701 475687
475701 525677
475701 525681
475701 631724
475701 631728
475701 631736
475701 631762
475701 824677
475701 475603
475701 475606
475701 475614
475701 475619
475701 475625
475701 475639
475701 475643
475701 475644
475701 475646
475701 475661
475701 475693
475701 516779
475701 525638
475701 525641
475701 525647
475701 525654
475701 525658
475701 525659
475701 631755
475701 631757
475701 444022
475701 583426
475701 631615
475701 631628
475701 475706
475701 475707
475701 475714
475701 583459
475701 583467
475701 940928
475701 475585
475701 475677
475701 475684
475701 475689
475701 525680
475701 475618
475701 475624
475701 475626
475701 475627
475701 475629
475701 475697
475701 529036
475701 475703
475701 475716
475701 940923
475701 631773
475701 475633
475701 475690
475701 501169
475701 501171
475701 475649
475704 475610
475639 475705
475639 677673
475639 677678
475639 677679
475639 677680
475639 677684
475639 677685
475639 475582
475639 475594
475639 477163
475639 648267
475639 593478
475639 631768
475639 631769
475639 631770
475639 631774
475639 631778
475639 436946
475639 444996
475639 475670
475639 475673
475639 475674
475639 475676
475639 475678
475639 475679
475639 475687
475639 525677
475639 525681
475639 631724
475639 631728
475639 631736
475639 631762
475639 824677
475639 475603
475639 475606
475639 475614
475639 475619
475639 475625
475639 475643
475639 475644
475639 475646
475639 475661
475639 475693
475639 516779
475639 525638
475639 525641
475639 525647
475639 525654
475639 525658
475639 525659
475639 631755
475639 631757
475639 444022
475639 583426
475639 631615
475639 631628
475639 475706
475639 475707
475639 475714
475639 583459
475639 583467
475639 940928
475639 525640
475709 677673
475709 677678
475709 677679
475709 677680
475709 677684
475709 677685
475709 475582
475709 475594
475709 477163
475709 648267
475709 593478
475709 631768
475709 631769
475709 631770
475709 631774
475709 631778
475709 436946
475709 444996
475709 475670
475709 475673
475709 475674
475709 475676
475709 475678
475709 475679
475709 475687
475709 525677
475709 525681
475709 631724
475709 631728
475709 631736
475709 631762
475709 824677
475709 475603
475709 475606
475709 475614
475709 475619
475709 475625
475709 475639
475709 475643
475709 475644
475709 475646
475709 475661
475709 475693
475709 516779
475709 525638
475709 525641
475709 525647
475709 525654
475709 525658
475709 525659
475709 631755
475709 631757
475709 444022
475709 583426
475709 631615
475709 631628
475709 475706
475709 475707
475709 475714
475709 583459
475709 583467
475709 940928
475712 475574
677673 677678
677673 677679
677673 677680
677673 677684
677673 677685
677673 475582
677673 475594
677673 477163
677673 648267
677673 593478
677673 631768
677673 631769
677673 631770
677673 631774
677673 631778
677673 436946
677673 444996
677673 475670
677673 475673
677673 475674
677673 475676
677673 475678
677673 475679
677673 475687
677673 525677
677673 525681
677673 631724
677673 631728
677673 631736
677673 631762
677673 824677
677673 475603
677673 475606
677673 475614
677673 475619
677673 475625
677673 475639
677673 475643
677673 475644
677673 475646
677673 475661
677673 475693
677673 516779
677673 525638
677673 525641
677673 525647
677673 525654
677673 525658
677673 525659
677673 631755
677673 631757
677673 444022
677673 583426
677673 631615
677673 631628
677673 475706
677673 475707
677673 583459
677673 583467
677673 940928
677673 475714
677673 857059
677673 857061
475715 475639
475715 475705
583454 475590
583454 631813
583454 631772
583454 631777
583454 525686
583454 475605
583454 525658
583454 631761
583454 940937
583454 940946
583454 940947
940975 940966
940976 940980
940976 940977
940976 940977
940976 942009
940976 942010
940976 940978
940976 940987
940976 940990
940976 940948
940976 940954
940976 940963
940976 940982
940976 940980
942009 942010
942009 940987
942009 940990
942009 940948
942009 940954
942009 940963
942009 940980
942009 940982
942009 940978
942009 940988
940979 940973
940979 942009
940979 942010
940979 940978
940979 940987
940979 940990
940979 940948
940979 940954
940979 940963
940979 940980
940979 940982
940979 940918
940979 940899
940986 940921
940986 940929
940989 940939
940989 940994
940989 940940
940989 940942
940989 942009
940989 942010
940989 940978
940989 940987
940989 940990
940989 940948
940989 940954
940989 940963
940989 940980
940989 940982
940989 940938
940989 940945
940991 940959
883400 940993
883400 900691
883400 824556
883400 824585
883400 900733
883400 475682
883400 824627
883400 824675
883400 824641
883400 883402
883400 940964
940989 940940
940989 940942
940989 940994
940989 940939
583434 677673
583434 677678
583434 677679
583434 677680
583434 677684
583434 677685
583434 475582
583434 475594
583434 477163
583434 648267
583434 593478
583434 631768
583434 631769
583434 631770
583434 631774
583434 631778
583434 436946
583434 444996
583434 475670
583434 475673
583434 475674
583434 475676
583434 475678
583434 475679
583434 475687
583434 525677
583434 525681
583434 631724
583434 631728
583434 631736
583434 631762
583434 824677
583434 475603
583434 475606
583434 475614
583434 475619
583434 475625
583434 475639
583434 475643
583434 475644
583434 475646
583434 475661
583434 475693
583434 516779
583434 525638
583434 525641
583434 525647
583434 525654
583434 525658
583434 525659
583434 631755
583434 631757
583434 444022
583434 583426
583434 631615
583434 631628
583434 475706
583434 475707
583434 475714
583434 583459
583434 583467
583434 940928
583434 475578
583479 677673
583479 677678
583479 677679
583479 677680
583479 677684
583479 677685
583479 475582
583479 475594
583479 477163
583479 648267
583479 593478
583479 631768
583479 631769
583479 631770
583479 631774
583479 631778
583479 436946
583479 444996
583479 475670
583479 475673
583479 475674
583479 475676
583479 475678
583479 475679
583479 475687
583479 525677
583479 525681
583479 631724
583479 631728
583479 631736
583479 631762
583479 824677
583479 475603
583479 475606
583479 475614
583479 475619
583479 475625
583479 475639
583479 475643
583479 475644
583479 475646
583479 475661
583479 475693
583479 516779
583479 525638
583479 525641
583479 525647
583479 525654
583479 525658
583479 525659
583479 631755
583479 631757
583479 444022
583479 583426
583479 631615
583479 631628
583479 475706
583479 475707
583479 475714
583479 583459
583479 583467
583479 940928
583479 631815
940921 940986
940921 940929
940924 BRAZIL
940924 940900
940924 940904
940924 475632
940924 475633
940924 475651
940924 475663
940924 516762
940924 516779
940924 525639
940924 445080
940924 583441
940924 940949
940927 824569
940927 900722
940927 436946
940927 463283
940927 463284
940927 463289
940927 463294
940927 463295
940927 475600
940927 516776
940927 445078
940927 445083
940927 501173
940927 436950
940927 463286
940927 463288
940927 463299
940927 516773
940929 940986
940929 940921
940930 940931
940930 940906
940930 940895
940930 940962
940930 940965
940930 940958
940933 940919
940934 940900
940934 940904
940934 475632
940934 475633
940934 475651
940934 475663
940934 516762
940934 516779
940934 525639
940934 445080
940934 583441
940934 940949
940934 824728
940936 940938
940937 940946
940937 940947
940937 475590
940937 631813
940937 631772
940937 631777
940937 525686
940937 475605
940937 525658
940937 631761
940937 583454
940936 940938
940936 942009
940936 942010
940936 940978
940936 940987
940936 940990
940936 940948
940936 940954
940936 940963
940936 940980
940936 940982
940936 940989
940936 940994
940936 940940
940936 940942
940936 940945
940945 942009
940945 942010
940945 940978
940945 940987
940945 940990
940945 940948
940945 940954
940945 940963
940945 940980
940945 940982
940945 940989
940945 940994
940945 940940
940945 940942
940945 940938
940950 463295
940950 516755
940950 940958
940950 940962
940950 940965
940952 940898
940952 940922
940952 940959
940953 824725
940956 940910
940956 940911
940956 940932
940956 940896
940906 940895
940906 940930
940906 940931
940906 940958
940906 940962
940906 940985
940906 940965
940906 463295
940906 516755
940906 940950
940991 940959
940991 940898
940991 940922
940991 940952
940964 900691
940964 824556
940964 824585
940964 900733
940964 475682
940964 824627
940964 824675
940964 824641
940964 883402
940964 940993
940958 940962
940958 940965
940958 940985
940966 940975
940969 940970
940969 940970
940969 900721
940969 824637
940981 942009
940981 942010
940981 940978
940981 940987
940981 940990
940981 940948
940981 940954
940981 940963
940981 940980
940981 940982
966285 900693
966285 824559
966285 824587
966285 900730
966285 824600
966285 824601
966285 824611
966285 824682
966285 516771
966285 824698
966285 857057
966285 824721
966285 824689
966285 824703
677673 677678
677673 677679
677673 677680
677673 677684
677673 677685
677673 475582
677673 475594
677673 477163
677673 648267
677673 593478
677673 631768
677673 631769
677673 631770
677673 631774
677673 631778
677673 436946
677673 444996
677673 475670
677673 475673
677673 475674
677673 475676
677673 475678
677673 475679
677673 475687
677673 525677
677673 525681
677673 631724
677673 631728
677673 631736
677673 631762
677673 824677
677673 475603
677673 475606
677673 475614
677673 475619
677673 475625
677673 475639
677673 475643
677673 475644
677673 475646
677673 475661
677673 475693
677673 516779
677673 525638
677673 525641
677673 525647
677673 525654
677673 525658
677673 525659
677673 631755
677673 631757
677673 444022
677673 583426
677673 631615
677673 631628
677673 475706
677673 475707
677673 475714
677673 583459
677673 583467
677673 940928
677673 475585
677673 475677
677673 475684
677673 475689
677673 525680
677673 475618
677673 475624
677673 475626
677673 475627
677673 475629
677673 475697
677673 529036
677673 475703
677673 475716
677673 940923
677673 631773
677673 475633
677673 475690
677673 501169
677673 501171
677673 475649
677673 475701
677673 648265
677673 525627
677673 475593
677673 475595
677673 475683
677673 475609
677673 475617
677673 475642
677673 475652
677673 475656
677673 475658
677673 475662
677673 475694
677673 475695
677673 824670
677673 677678
677673 677679
677673 677680
677673 677684
677673 677685
677673 475582
677673 475594
677673 477163
677673 648267
677673 593478
677673 631768
677673 631769
677673 631770
677673 631774
677673 631778
677673 436946
677673 444996
677673 475670
677673 475673
677673 475674
677673 475676
677673 475678
677673 475679
677673 475687
677673 525677
677673 525681
677673 631724
677673 631728
677673 631736
677673 631762
677673 824677
677673 475603
677673 475606
677673 475614
677673 475619
677673 475625
677673 475639
677673 475643
677673 475644
677673 475646
677673 475661
677673 475693
677673 516779
677673 525638
677673 525641
677673 525647
677673 525654
677673 525658
677673 525659
677673 631755
677673 631757
677673 444022
677673 583426
677673 631615
677673 631628
677673 475706
677673 475707
677673 475714
677673 583459
677673 583467
677673 940928
677673 631815
677673 583479
677673 631829
677673 525646
631767 940900
631767 940904
631767 475632
631767 475633
631767 475651
631767 475663
631767 516762
631767 516779
631767 525639
631767 445080
631767 583441
631767 940949
631767 475601
631767 824718
631767 475691
412970 444994
412970 437433
412970 475664
412970 475607
412970 475645
412970 445082
412970 475708
412970 475630
412970 475654
648265 525627
648265 883407
824555 824562
824555 824573
824555 824577
824555 824579
824555 824588
824555 824597
824555 824621
824555 824631
824555 824704
824555 824610
824555 824635
824555 824619
824555 824638
824555 824709
824649 824655
824649 824730
824649 824734
824649 824580
824649 918496
824649 824645
824649 824654
824649 824695
824569 900722
824569 436946
824569 463283
824569 463284
824569 463289
824569 463294
824569 463295
824569 475600
824569 516776
824569 445078
824569 445083
824569 501173
824569 436950
824569 463286
824569 463288
824569 463299
824569 516773
824569 940927
824569 824598
940910 940911
940910 940932
940910 940896
940910 940956
940910 940900
940910 940904
940910 475632
940910 475633
940910 475651
940910 475663
940910 516762
940910 516779
940910 525639
940910 445080
940910 583441
940910 940949
940910 516774
824580 918496
824580 824645
824580 824654
824580 824695
824580 824558
824580 824583
824580 824615
824580 824618
824580 824634
824580 824710
824580 824613
824580 824707
824580 824610
824580 824635
824580 824619
824580 824638
824580 824709
824580 824700
824580 824713
824580 824732
824580 824622
824580 824650
824595 824599
824595 824603
824595 824705
824595 824700
824595 824713
824595 824732
824610 824635
824610 824619
824610 824638
824610 824709
824610 824722
824610 824733
900691 824556
900691 824585
900691 900733
900691 475682
900691 824627
900691 824675
900691 824641
900691 883402
900691 940993
900691 940964
900691 900712
900691 900726
900691 900713
900691 900714
900691 900721
900691 824637
900691 940970
900691 475633
900691 475690
900691 501169
900691 501171
900691 940913
900691 824673
900691 824626
900691 983870
900691 824706
900691 824690
900691 824717
900691 824624
900691 824665
900691 824723
900691 824738
900691 824605
900691 824659
900691 824725
900691 940953
900693 824559
900693 824587
900693 900730
900693 824600
900693 824601
900693 824611
900693 824682
900693 516771
900693 824698
900693 857057
900693 824721
900693 824689
900693 824703
900693 966285
900693 900696
900693 900698
900693 900701
900693 900724
900693 900736
900693 900711
900693 824586
900693 824714
900693 824565
900693 824701
900693 824593
900693 824702
900693 824741
900693 824669
900693 824724
900693 824699
900693 824716
900693 824664
900693 966313
824582 824591
824582 824602
824582 824612
824582 824686
940898 940922
940898 940952
940898 940959
940898 940900
940898 940904
940898 475632
940898 475633
940898 475651
940898 475663
940898 516762
940898 516779
940898 525639
940898 445080
940898 583441
940898 940949
940898 824740
463295 516755
463295 940950
463295 940958
463295 940962
463295 940965
463295 940975
463295 940966
940900 940904
940900 475632
940900 475633
940900 475651
940900 475663
940900 516762
940900 516779
940900 525639
940900 445080
940900 583441
940900 940949
940900 516774
940900 940919
940900 940933
940900 940986
940900 940921
940900 940929
824700 824713
824700 824732
824700 824653
824700 824640
824616 824648
824616 824667
824616 824676
824660 824672
824660 824692
824660 824653
900696 900698
900696 900701
900696 900724
900696 900736
900696 900711
900696 824586
900696 824714
900696 824564
900696 824684
900696 824737
900696 900695
900696 824687
900696 824625
900696 824736
824653 824671
824653 824680
677673 677678
677673 677679
677673 677680
677673 677684
677673 677685
677673 475582
677673 475594
677673 477163
677673 648267
677673 593478
677673 631768
677673 631769
677673 631770
677673 631774
677673 631778
677673 436946
677673 444996
677673 475670
677673 475673
677673 475674
677673 475676
677673 475678
677673 475679
677673 475687
677673 525677
677673 525681
677673 631724
677673 631728
677673 631736
677673 631762
677673 824677
677673 475603
677673 475606
677673 475614
677673 475619
677673 475625
677673 475639
677673 475643
677673 475644
677673 475646
677673 475661
677673 475693
677673 516779
677673 525638
677673 525641
677673 525647
677673 525654
677673 525658
677673 525659
677673 631755
677673 631757
677673 444022
677673 583426
677673 631615
677673 631628
677673 475706
677673 475707
677673 475714
677673 583459
677673 583467
677673 940928
677673 525648
677673 475615
677673 677678
677673 677679
677673 677680
677673 677684
677673 677685
677673 475582
677673 475594
677673 477163
677673 648267
677673 593478
677673 631768
677673 631769
677673 631770
677673 631774
677673 631778
677673 436946
677673 444996
677673 475670
677673 475673
677673 475674
677673 475676
677673 475678
677673 475679
677673 475687
677673 525677
677673 525681
677673 631724
677673 631728
677673 631736
677673 631762
677673 824677
677673 475603
677673 475606
677673 475614
677673 475619
677673 475625
677673 475639
677673 475643
677673 475644
677673 475646
677673 475661
677673 475693
677673 516779
677673 525638
677673 525641
677673 525647
677673 525654
677673 525658
677673 525659
677673 631755
677673 631757
677673 444022
677673 583426
677673 631615
677673 631628
677673 475706
677673 475707
677673 475714
677673 583459
677673 583467
677673 940928
677673 475709
677673 475615
677673 883328
824576 824674
824576 824720
824576 824566
824576 824572
824576 824642
824576 824678
475708 475586
475708 475613
475708 475610
475708 475704
475633 475690
475633 501169
475633 501171
475633 824693
824566 824572
824566 824642
824566 824678
824566 824620
824566 824639
475586 475613
475586 475686
475586 525621
475586 583464
475586 445084
475586 501167
475586 REFERE
475586 475581
475586 475587
475586 475597
824632 824688
883351 883352
883351 883394
883351 940900
883351 940904
883351 475632
883351 475633
883351 475651
883351 475663
883351 516762
883351 516779
883351 525639
883351 445080
883351 583441
883351 940949
883351 883353
824561 824636
824561 824666
824589 824630
824589 824741
824666 883398
824666 883405
883392 937253
883392 883391
883392 937240
883392 940900
883392 940904
883392 475632
883392 475633
883392 475651
883392 475663
883392 516762
883392 516779
883392 525639
883392 445080
883392 583441
883392 940949
883392 883353
824563 824712
824563 824669
824563 824724
824711 824731
824711 824668
824604 824719
824668 824608
824673 824567
824673 824662
824673 824592
824626 983870
824626 824706
824626 824607
824626 824715
593556 593558
593556 593553
593556 593478
593556 593554
593556 593557
937195 883404
677673 677678
677673 677679
677673 677680
677673 677684
677673 677685
677673 475582
677673 475594
677673 477163
677673 648267
677673 593478
677673 631768
677673 631769
677673 631770
677673 631774
677673 631778
677673 436946
677673 444996
677673 475670
677673 475673
677673 475674
677673 475676
677673 475678
677673 475679
677673 475687
677673 525677
677673 525681
677673 631724
677673 631728
677673 631736
677673 631762
677673 824677
677673 475603
677673 475606
677673 475614
677673 475619
677673 475625
677673 475639
677673 475643
677673 475644
677673 475646
677673 475661
677673 475693
677673 516779
677673 525638
677673 525641
677673 525647
677673 525654
677673 525658
677673 525659
677673 631755
677673 631757
677673 444022
677673 583426
677673 631615
677673 631628
677673 475706
677673 475707
677673 475714
677673 583459
677673 583467
677673 940928
677673 475591
677673 475628
677673 475616
677673 475620
SOUTHA 677673
SOUTHA 677678
SOUTHA 677679
SOUTHA 677680
SOUTHA 677684
SOUTHA 677685
SOUTHA 475582
SOUTHA 475594
SOUTHA 477163
SOUTHA 648267
SOUTHA 593478
SOUTHA 631768
SOUTHA 631769
SOUTHA 631770
SOUTHA 631774
SOUTHA 631778
SOUTHA 436946
SOUTHA 444996
SOUTHA 475670
SOUTHA 475673
SOUTHA 475674
SOUTHA 475676
SOUTHA 475678
SOUTHA 475679
SOUTHA 475687
SOUTHA 525677
SOUTHA 525681
SOUTHA 631724
SOUTHA 631728
SOUTHA 631736
SOUTHA 631762
SOUTHA 824677
SOUTHA 475603
SOUTHA 475606
SOUTHA 475614
SOUTHA 475619
SOUTHA 475625
SOUTHA 475639
SOUTHA 475643
SOUTHA 475644
SOUTHA 475646
SOUTHA 475661
SOUTHA 475693
SOUTHA 516779
SOUTHA 525638
SOUTHA 525641
SOUTHA 525647
SOUTHA 525654
SOUTHA 525658
SOUTHA 525659
SOUTHA 631755
SOUTHA 631757
SOUTHA 444022
SOUTHA 583426
SOUTHA 631615
SOUTHA 631628
SOUTHA 475706
SOUTHA 475707
SOUTHA 475714
SOUTHA 583459
SOUTHA 583467
SOUTHA 940928
SOUTHA 857058
824574 940918
824574 940899
824574 824598
900725 475633
900725 475690
900725 501169
900725 501171
475574 475712
475574 REFERE
475574 475581
475574 475587
475574 475597
475574 525683
824557 824596
SOUTHA 677673
SOUTHA 677678
SOUTHA 677679
SOUTHA 677680
SOUTHA 677684
SOUTHA 677685
SOUTHA 475582
SOUTHA 475594
SOUTHA 477163
SOUTHA 648267
SOUTHA 593478
SOUTHA 631768
SOUTHA 631769
SOUTHA 631770
SOUTHA 631774
SOUTHA 631778
SOUTHA 436946
SOUTHA 444996
SOUTHA 475670
SOUTHA 475673
SOUTHA 475674
SOUTHA 475676
SOUTHA 475678
SOUTHA 475679
SOUTHA 475687
SOUTHA 525677
SOUTHA 525681
SOUTHA 631724
SOUTHA 631728
SOUTHA 631736
SOUTHA 631762
SOUTHA 824677
SOUTHA 475603
SOUTHA 475606
SOUTHA 475614
SOUTHA 475619
SOUTHA 475625
SOUTHA 475639
SOUTHA 475643
SOUTHA 475644
SOUTHA 475646
SOUTHA 475661
SOUTHA 475693
SOUTHA 516779
SOUTHA 525638
SOUTHA 525641
SOUTHA 525647
SOUTHA 525654
SOUTHA 525658
SOUTHA 525659
SOUTHA 631755
SOUTHA 631757
SOUTHA 444022
SOUTHA 583426
SOUTHA 631615
SOUTHA 631628
SOUTHA 475706
SOUTHA 475707
SOUTHA 475714
SOUTHA 583459
SOUTHA 583467
SOUTHA 940928
SOUTHA 857058
SOUTHA 475705
SOUTHA 475715
SOUTHA 824670
475592 475633
475592 475690
475592 501169
475592 501171
475592 475696
475592 REFERE
475592 475581
475592 475587
475592 475597
475592 475666
REFERE 475581
REFERE 475587
REFERE 475597
REFERE 475666
REFERE 824693
REFERE 475584
REFERE 824656
REFERE 940900
REFERE 940904
REFERE 475632
REFERE 475633
REFERE 475651
REFERE 475663
REFERE 516762
REFERE 516779
REFERE 525639
REFERE 445080
REFERE 583441
REFERE 940949
824670 883407
824691 824696
824691 475585
824691 475677
824691 475684
824691 475689
824691 525680
824691 475618
824691 475624
824691 475626
824691 475627
824691 475629
824691 475697
824691 529036
824691 475703
824691 475716
824691 940923
824691 937196
824594 900700
824594 824663
824594 940900
824594 940904
824594 475632
824594 475633
824594 475651
824594 475663
824594 516762
824594 516779
824594 525639
824594 445080
824594 583441
824594 940949
824594 824560
824594 824570
824594 824590
824690 824717
824690 824581
824690 824628
824652 824658
824723 824738
824661 824729
